====== Atletismo ======
(11) 97744-9488
11981983824
11 973683520
(11) 3992-4183
(11) 95957-8001
(11) 974175522
(12) 982177618
(11)20378004
11987735448
(11) 97678-7789
(11) 973096729
(11) 97337-9860
11 99493 2965
(98) 98403-3190
(11) 993298586
(11) 983148284
11961772124
11 95920 4576
11971592442
(11) 94970-4652
(11) 99144-4098
(13) 99609-1363
(11)998949466
11 95214 2826
13 98143 7623
974559018
(11) 96636-8411
11 95281 4120
(11) 94109-4145
12 39344353
11998229690
011981899116
11 957534733
(11) 99460-2764
(11) 99781-5235
(11) 99494-5013
11 98470 1076
(11) 974488260
(11) 984538852
19 98328 5158
(11) 991700304
(19) 993073435
(11) 943-866-917
====== Basquete feminino ======
11996733684
11 986666799
11 96417 5508
(11) 98060-1840
(11) 99727-3113
11953466749
11998581324
(11) 97667-8791
11 999562628
(11) 98269-7855
11 967057689
(11) 984538852
====== Basquete masculino ======
11967791630
41 99252 7601
11 97244 8865
(11) 96278-0809
(11) 994735630
(11) 99557-9919
(11)985987116
(12) 982177618
(11) 991379683
(11) 973096729
(11) 97337-9860
11 99493 2965
(11) 991911033
11 99767 4410
11988076618
(11) 983148284
(11)972770014
11964380117
11 95920 4576
11 98953 8637
(11) 99144-4098
11973827111
11983007534
11 95190 6948
11961922121
11942312625
11995291855
974559018
(11) 96614-9890
(11) 96636-8411
(12)981094474
11983768051
13 98146 3368
11 98369 9313
(12) 981070300
11998229690
011981899116
11 957534733
11 99873 2745
(11) 941688999
(11) 99781-5235
(11) 98649-3922
(11)97091-1862
16 997562826
(11) 9 - 4815-7490
(11) 97012-2874
(19) 993-887-000
(11) 951-250-560
(11) 991700304
11 94243 9323
(11) 943-866-917
====== Bridge/Cartas ======
11967791630
(11) 98635-9860
11981983824
(11) 5093-7753
(11) 97535-8518
(11) 952879882
11987735448
(11) 992923164
(11) 983148284
(11) 98470-1474
11971592442
(11) 97240-9898
11969507751
11953466749
11 95857 1267
(11) 97667-8791
(11) 95806-4442
(11) 99994-1409
11983547584
11942312625
13 98868 2853
(11) 94109-4145
067-999323107
11998229690
(11) 959190616
(11) 941688999
011941622214
(11) 95486-3197
(11) 996110987
11 99387 2170
(11) 984538852
(11) 989859347
(17) 99118-9855
19996091833
(11) 972-278-319
(11) 943-866-917
====== Beisebol/Softbol ======
11 973683520
11 958229291
(11) 95151-7715
(11)985987116
(54) 99995-2265
(15)981183311
(11)20378004
(11)25370306
11 95375 9758
(11) 98060-1840
11986649666
11953466749
11 95857 1267
(11) 97667-8791
11983007534
11983078040
(11) 99994-1409
(11) 99691-7037
13 98868 2853
11 99569 1659
067-999323107
(12) 981070300
11 951433702
11998229690
(11) 968358314
11 957534733
(11) 99382-6207
41 999433419
(11) 95486-3197
(11) 99781-5235
(11) 9 - 4815-7490
11 994069583
(11) 984538852
19 98328 5158
(11) 989859347
(17) 99118-9855
(11) 998125773
====== Futebol de campo ======
(41) 991439002
(11) 94762-9138
11 97244 8865
11961214280
(11) 99994-4335
975129447
(11) 974175522
(11) 5093-7753
11 98168 3171
(11) 99557-9919
(12) 982177618
(11) 991379683
(11) 97678-7789
11 99493 2965
(13) 32998150
(11)971700842
11 95920 4576
11 97212 8918
(11) 99144-4098
11961922121
11945275000
11989782931
11 999562628
11 95281 4120
11 965206042
13 98146 3368
(11) 959190616
(11) 99382-6207
(11) 941688999
11 99634 3565
(11) 97479-2211
11 975869618
38714754
(11) 9 - 4815-7490
(11) 988-376-222
19 98328 5158
35 988162066
(11) 943-866-917
====== E-sports ======
(41) 991439002
(11) 98635-9860
11 973683520
(11) 96453-9002
(11) 96278-0809
(11) 99994-4335
11 958229291
11 96400 5732
(11) 3992-4183
11958517567
975129447
(11) 5093-7753
(54) 99995-2265
(11)25370306
(11) 991379683
(11) 992923164
(11) 97337-9860
11 99493 2965
11 971168807
(98) 98403-3190
(11) 993298586
(11) 991911033
11988076618
(11) 983148284
(11) 99727-3113
(11)972770014
(11)971700842
12982125644
(11) 97240-9898
(11) 95700-1248
11969507751
11986649666
11953466749
(11) 97667-8791
11983007534
11982551204
11983547584
11942312625
11995291855
11989782931
12 39344353
11998229690
011981899116
11 957534733
(11)995155745
(11) 98649-3922
11 98470 1076
(11) 9 - 4815-7490
(11) 985445819
(11)985388336
(11)943037420
(11) 984538852
11 98622 7947
(19) 993-887-000
19 98328 5158
35 988162066
(11) 943-866-917
====== Futsal masculino ======
(12) 99171-4626
11 973683520
11 97244 8865
(11) 99994-4335
(11) 974175522
(11) 5093-7753
11 98168 3171
(11) 99557-9919
(12) 982177618
(11) 991379683
(11) 97678-7789
11 99493 2965
(11) 99901-6012
(11) 983148284
(13) 32998150
(11)971700842
11 95920 4576
(11) 96978-0868
(19) 988458232
11971592442
11 97212 8918
(11) 99144-4098
11973827111
11961922121
11945275000
11989782931
11 95281 4120
(14) 991771618
11 965206042
11983768051
011981899116
(11) 959190616
(11) 99382-6207
(11) 941688999
11 99634 3565
11 972937182
11 975869618
(11) 99781-5235
38714754
(11) 9 - 4815-7490
(11)9-6112-8412
(11) 97012-2874
(11) 988-376-222
19 98328 5158
(19) 993073435
11 94243 9323
35 988162066
(11) 943-866-917
(19) 991-681-667
====== Futsal feminino ======
11981983824
64981634342
(11) 98060-1840
(11) 98288-0582
11 99256 7575
(11) 97667-8791
13 98868 2853
11 999562628
067-999323107
011999556695
(11) 98269-7855
11 967057689
(11)943037420
(11) 984538852
(17) 99118-9855
====== Handebol feminino ======
11 98697 5593
11996733684
11 986666799
11 96417 5508
(11) 99303-9109
(11) 98060-1840
(11) 98288-0582
(11) 97240-9898
11953466749
11963719798
(11)998949466
11 95214 2826
13 98868 2853
(11) 97698-6440
011999556695
11 98967 2918
11 97617 3141
11 967057689
(11) 984538852
(11) 989859347
(17) 99118-9855
====== Handebol masculino ======
(11) 98635-9860
(11) 96453-9002
(11) 95370-3732
(11) 3992-4183
(11) 997157411
(11) 96909-8310
(12) 982177618
(11) 992923164
(11) 2628-7566
(11)972770014
(13) 32998150
(11)971700842
11 95920 4576
11971592442
(11)999886223
(11) 99144-4098
11983007534
(13) 99609-1363
(11) 99691-7037
(11) 98457-1005
974559018
(11) 96636-8411
11989782931
11 965206042
11983768051
(11) 97543-3090
(11) 99382-6207
011941622214
(11) 99781-5235
(11) 97440-1193
19 98328 5158
35 988162066
====== Natação ======
21 998803800
41 99252 7601
(11) 99599-3129
11 986666799
11961214280
(11) 99994-4335
11 958229291
(11) 99611-0741
(11) 3992-4183
(11) 95957-8001
(11) 99557-9919
(11)985987116
(11) 97777-0222
(11) 97535-8518
(11)20378004
19 997630348
11 95375 9758
(11) 973096729
(11) 97337-9860
(11) 993298586
(11) 99264-2442
(11) 983148284
11961772124
(11) 98288-0582
(13) 32998150
(11) 96978-0868
11971592442
11 96352 7433
(11) 3735-9348
11 960 606 002
11998581324
(11) 95806-4442
11983007534
(13) 99609-1363
(11) 99994-1409
11 95214 2826
(11) 98457-1005
13 98143 7623
974559018
11945275000
(11) 96614-9890
(11) 96636-8411
11989782931
11 95281 4120
067-999323107
(11) 99345-7220
11 98369 9313
11998229690
(11) 996906888
(11) 97581-8893
11 98967 2918
(11) 99815-1220
(11) 971064231
(11) 2896-3834
(11) 99460-2764
11 975869618
(11) 2469 - 7182
(11)954656946
(11) 9 - 4815-7490
(11) 984538852
11 99285 8021
11 98622 7947
(11) 989859347
(11) 958621444
====== Rugby ======
11958517567
(11) 99557-9919
(11)985987116
(12) 982177618
(11) 973096729
(11) 99901-6012
(11) 991911033
11971592442
(11) 97667-8791
(11)999886223
11983078040
(11) 97698-6440
12 39344353
(12) 981070300
11998229690
(11) 996906888
11 99634 3565
(11) 98282-8449
(11) 2896-3834
(11) 95486-3197
(11) 99781-5235
(11)97091-1862
(11) 984538852
11 98622 7947
(19) 993-887-000
11 97692 6246
====== Saltos ornamentais ======
(11) 3992-4183
(11) 98288-0582
(11) 3735-9348
11 99256 7575
(11) 95806-4442
(11) 99994-1409
974559018
(11) 96614-9890
067-999323107
(11) 99781-5235
11 98470 1076
(11) 984538852
11 98622 7947
====== Tênis ======
(41) 991439002
11 96682 0831
(11) 95370-3732
(11) 974175522
11 98168 3171
(11)985987116
(11) 97535-8518
(15)981183311
11 971168807
(98) 98403-3190
(11) 983148284
11 95920 4576
(19) 988458232
11984354055
(14) 99652-6100
11983007534
11983078040
11961922121
(11) 99994-1409
(11) 4553-4025
974559018
067-999323107
11983768051
(12) 981070300
11 951433702
(11) 957387545
41 999433419
19 99102 9102
(11) 2896-3834
(11) 95486-3197
(11) 99460-2764
38714754
(11)954656946
16 997562826
(11) 97382-8134
(11)974290622
(11) 984538852
(19) 993-887-000
11 97332 1812
(11) 951-250-560
(11) 991700304
11 94243 9323
====== Tênis de mesa ======
11967791630
(12) 99171-4626
11 973683520
11 96682 0831
64981634342
11 958229291
(15)981183311
(11)25370306
19 997630348
11987735448
(11) 97337-9860
(11) 98060-1840
(11) 983148284
(13) 32998150
(11) 96978-0868
11 98953 8637
12982125644
(11)974155808
11969507751
11986649666
11 95857 1267
11998581324
(11) 94970-4652
11 97212 8918
11 95272 6380
(11) 99144-4098
11983007534
11 95190 6948
(11) 4553-4025
11995291855
11945275000
11 999562628
(11) 94109-4145
(12)981094474
11992114969
(11) 97543-3090
11 951433702
(11) 957387545
11998229690
41 999433419
(11) 98269-7855
19 99102 9102
(11) 2896-3834
11 99387 2170
(11)954656946
(11) 9 - 4815-7490
(11) 973-718-127
(11) 984538852
11 97332 1812
(11) 991700304
11 94243 9323
35 988162066
(19) 991-681-667
====== Ultimate ======
21 998803800
(11) 97744-9488
(11) 99994-4335
(11) 3992-4183
(11) 974175522
(11)985987116
(11) 97535-8518
(54) 99995-2265
(11)20378004
(11) 99303-9109
(11) 952879882
(11) 991379683
11987735448
(11) 97337-9860
11988076618
(11) 98470-1474
11971592442
(11) 3735-9348
11953466749
(14) 99652-6100
(11) 97667-8791
11963719798
11983007534
(13) 99609-1363
11 99569 1659
067-999323107
12 39344353
(11) 97543-3090
11998229690
(11) 959190616
011941622214
(11) 971064231
(11) 95486-3197
(11) 99781-5235
11 99387 2170
11 985555799
(11)943037420
(11) 973-718-127
(11) 984538852
(11) 951-250-560
19 98328 5158
(11) 972-278-319
====== Vôlei feminino ======
21 998803800
11 98697 5593
11981983824
11957333855
64981634342
11 98384 5877
(11) 99303-9109
(11) 952879882
11998581324
11 99256 7575
(11) 97667-8791
(11)998949466
11 95214 2826
13 98868 2853
11 999562628
011999556695
011979539817
(11) 2469 - 7182
11 967057689
(11) 984538852
(11) 989859347
====== Vôlei masculino ======
11967791630
(12) 99171-4626
(11) 97744-9488
(11) 98635-9860
(11) 96453-9002
(11) 99994-4335
11 958229291
(11) 3992-4183
11958517567
(11) 95957-8001
(11) 997157411
(11) 96909-8310
(11) 5093-7753
(11) 99557-9919
(11) 97777-0222
(12) 982177618
(11)20378004
(11)25370306
(85) 99600-1113
(11) 992923164
(11) 2628-7566
(11) 97337-9860
(11)972770014
(13) 32998150
(11) 96978-0868
(19) 988458232
(11) 95700-1248
11969507751
11986131316
(14) 99652-6100
(11) 99144-4098
(11) 98457-1005
11 99569 1659
(11) 96636-8411
(12)981094474
13 98146 3368
11 98369 9313
11992114969
(12) 981070300
(11) 99382-6207
(11) 97581-8893
11 975869618
(11) 99781-5235
38714754
11 98470 1076
11 96065 5663
(11) 97440-1193
(11) 988-376-222
19 98328 5158
11 94243 9323
(11) 972-278-319
35 988162066
====== Xadrez ======
11967791630
21 998803800
(41) 991439002
(11) 98635-9860
11 96682 0831
(11) 99599-3129
11 958229291
11 96400 5732
11958517567
975129447
(11) 95957-8001
(11) 9543-0046
(11)42012665
(11) 97535-8518
(12) 982177618
(15)981183311
(11)25370306
(11) 991379683
(11) 973096729
(11) 99264-2442
11 99767 4410
(11) 983148284
(11) 98470-1474
11 95920 4576
11971592442
(11) 97240-9898
(11)974155808
11969507751
(11) 3735-9348
(11) 94512-6565
11986131316
(11) 94970-4652
11963719798
11 95272 6380
24842768
(11) 95806-4442
11966120503
11961922121
(11) 99994-1409
11983547584
11942312625
(11) 96614-9890
(11) 96636-8411
11 999562628
11 95281 4120
067-999323107
(11) 97698-6440
12 39344353
(11) 97543-3090
11998229690
11 95477 6552
11 957534733
(11) 959190616
11 99873 2745
11917979399
41 999433419
011941622214
(11) 98282-8449
55715527
(11) 2896-3834
(11) 97479-2211
011979539817
(11)995155745
(11) 98649-3922
38714754
(11) 996110987
11 985555799
(11)974290622
11999220959
(11) 985445819
(11)985388336
(11) 97012-2874
(11) 984538852
11 97332 1812
(11) 951-250-560
(17) 99118-9855
(11) 991700304
